A[1]=0.5
A[2]=-0.08333333333333333
A[3]=0.0013888888888888887
A[4]=-2.7557319223985883E-7
A[5]=8.437842697918466E-15
A[6]=-6.472471763165088E-30
A[7]=3.222530055766876E-60
A[8]=-6.923133306880576E-121
A[9]=2.8193985167552463E-242
A[10]=-0.0
A[11]=0.0
A[12]=-0.0
A[13]=0.0
A[14]=-0.0
A[15]=0.0
